Dok³adnoœæ TPOT: 0.2544987146529563
Dok³adnoœæ ExtraTreesClassifier: 0.2596401028277635
Raport klasyfikacji TPOT:
              precision    recall  f1-score   support

           3       0.00      0.00      0.00         4
           4       0.35      0.38      0.36        16
           5       0.39      0.41      0.40        32
           6       0.35      0.19      0.25        72
           7       0.31      0.39      0.35       107
           8       0.30      0.38      0.34       156
           9       0.24      0.34      0.28       192
          10       0.20      0.30      0.24       179
          11       0.22      0.27      0.24       138
          12       0.15      0.04      0.06        74
          13       0.20      0.03      0.06        59
          14       0.00      0.00      0.00        37
          15       0.00      0.00      0.00        29
          16       0.00      0.00      0.00        19
          17       0.00      0.00      0.00        16
          18       0.00      0.00      0.00        11
          19       0.00      0.00      0.00         9
          20       0.00      0.00      0.00         7
          21       0.00      0.00      0.00         4
          22       0.00      0.00      0.00         2
          23       0.00      0.00      0.00         2
          24       0.00      0.00      0.00         1
          27       0.00      0.00      0.00         1

    accuracy                           0.25      1167
   macro avg       0.12      0.12      0.11      1167
weighted avg       0.22      0.25      0.23      1167

Raport klasyfikacji ExtraTreesClassifier:
              precision    recall  f1-score   support

           3       0.00      0.00      0.00         4
           4       0.35      0.38      0.36        16
           5       0.23      0.16      0.19        32
           6       0.35      0.21      0.26        72
           7       0.33      0.44      0.37       107
           8       0.31      0.29      0.30       156
           9       0.25      0.40      0.31       192
          10       0.21      0.32      0.26       179
          11       0.24      0.30      0.27       138
          12       0.08      0.03      0.04        74
          13       0.29      0.08      0.13        59
          14       0.33      0.03      0.05        37
          15       0.00      0.00      0.00        29
          16       0.50      0.05      0.10        19
          17       0.00      0.00      0.00        16
          18       0.00      0.00      0.00        11
          19       0.00      0.00      0.00         9
          20       0.00      0.00      0.00         7
          21       0.00      0.00      0.00         4
          22       0.00      0.00      0.00         2
          23       0.00      0.00      0.00         2
          24       0.00      0.00      0.00         1
          27       0.00      0.00      0.00         1

    accuracy                           0.26      1167
   macro avg       0.15      0.12      0.11      1167
weighted avg       0.25      0.26      0.24      1167

